417 221 10 -10
496 219 8 -10
576 218 6 -10
653 220 4 -10
731 222 2 -10
805 224 0 -10
881 227 -2 -10
954 229 -4 -10
993 298 -5 -9
919 295 -3 -9
846 293 -1 -9
769 290 1 -9
692 287 3 -9
615 287 5 -9
535 287 7 -9
457 285 9 -9
379 290 11 -9
339 354 12 -8
417 354 10 -8
496 353 8 -8
576 353 6 -8
656 353 4 -8
733 357 2 -8
810 355 0 -8
883 359 -2 -8
956 360 -4 -8
995 427 -5 -7
920 426 -3 -7
848 425 -1 -7
770 424 1 -7
696 422 3 -7
615 422 5 -7
535 421 7 -7
455 420 9 -7
376 420 11 -7
297 420 13 -7
260 487 14 -6
337 487 12 -6
415 489 10 -6
494 487 8 -6
576 487 6 -6
656 490 4 -6
732 492 2 -6
810 494 0 -6
885 490 2 -6
957 490 4 -6
993 560 5 -5
922 558 3 -5
847 560 1 -5
772 560 -1 -5
696 560 -3 -5
616 560 -5 -5
533 559 -7 -5
454 560 -9 -5
373 559 -11 -5
296 557 -13 -5
220 557 -15 -5
185 624 -16 -4
259 625 -14 -4
337 626 -12 -4
413 630 -10 -4
494 631 -8 -4
575 631 -6 -4
654 630 -4 -4
733 629 -2 -4
810 629 0 -4
885 627 2 -4
959 625 4 -4
992 692 5 -3
920 692 3 -3
847 696 1 -3
769 696 -1 -3
691 698 -3 -3
613 698 -5 -3
534 696 -7 -3
454 697 -9 -3
373 696 -11 -3
299 695 -13 -3
221 691 -15 -3
150 687 -17 -3
117 752 -18 -2
187 756 -16 -2
262 759 -14 -2
337 761 -12 -2
416 762 -10 -2
493 765 -8 -2
571 765 -6 -2
651 767 -4 -2
731 765 -2 -2
805 765 0 -2
882 759 2 -2
953 761 4 -2
986 823 5 -1
917 824 3 -1
840 825 1 -1
763 827 -1 -1
689 829 -3 -1
610 830 -5 -1
533 831 -7 -1
454 830 -9 -1
377 828 -11 -1
300 825 -13 -1
225 824 -15 -1
152 817 -17 -1
83 813 -19 -1
46 873 -20 0
117 875 -18 0
190 881 -16 0
263 884 -14 0
337 888 -12 0
416 891 -10 0
492 893 -8 0
569 895 -6 0
647 894 -4 0
724 892 -2 0
801 890 0 0
875 889 2 0
946 890 4 0
1019 889 6 0
988 953 5 1
908 953 3 1
837 954 1 1
761 953 -1 1
685 955 -3 1
609 955 -5 1
531 958 -7 1
456 956 -9 1
379 952 -11 1
304 950 -13 1
230 946 -15 1
157 944 -17 1
86 939 -19 1
121 1004 -18 2
192 1006 -16 2
266 1010 -14 2
340 1013 -12 2
417 1015 -10 2
492 1018 -8 2
568 1017 -6 2
644 1019 -4 2
721 1018 -2 2
795 1018 0 2
870 1017 2 2
