200 9 17 -3
271 9 15 -3
345 9 13 -3
419 9 11 -3
492 9 9 -3
566 11 7 -3
641 12 5 -3
713 16 3 -3
787 19 1 -3
861 22 -1 -3
934 25 -3 -3
1008 26 -5 -3
971 89 -4 -2
897 86 -2 2
824 81 0 -2
750 80 2 -2
676 75 4 -2
600 72 6 -2
527 70 8 -2
452 68 10 -2
379 68 12 -2
306 68 14 -2
235 70 16 -2
164 68 18 -2
125 132 19 -1
195 131 17 -1
267 130 15 -1
339 128 13 -1
412 128 11 -1
489 131 9 -1
564 129 7 -1
641 134 5 -1
713 137 3 -1
788 140 1 -1
861 146 -1 -1
933 150 -3 -1
1007 155 -5 -1
967 216 -4 0
896 211 -2 0
824 209 0 0
752 204 2 0
676 201 4 0
600 198 6 0
523 194 8 0
448 188 10 0
373 189 12 0
297 188 14 0
224 189 16 0
155 191 18 0
88 191 20 0
118 256 19 1
187 254 17 1
259 252 15 1
333 252 13 1
406 253 11 1
484 256 9 1
560 257 7 1
638 260 5 1
713 263 3 1
787 267 1 1
861 272 -1 1
933 276 -3 1
1004 283 -5 1
967 343 -4 2
895 339 -2 2
824 335 0 2
750 331 2 2
674 327 4 2
595 322 6 2
519 321 8 2
440 319 10 2
363 317 12 2
288 317 14 2
217 316 16 2
146 318 18 2
178 382 17 3
250 382 15 3
325 384 13 3
400 385 11 3
478 386 9 3
553 388 7 3
631 391 5 3
710 395 3 3
786 398 1 3
857 402 -1 3
930 405 -3 3
1001 407 -5 3
963 474 -4 4
892 468 -2 4
820 464 0 4
746 463 2 4
669 459 4 4
592 457 6 4
515 455 8 4
435 454 10 4
358 451 12 4
282 449 14 4
212 446 16 4
241 515 15 5
320 516 13 5
395 519 11 5
472 521 9 5
551 524 7 5
628 525 5 5
707 528 3 5
781 531 1 5
855 532 -1 5
925 537 -3 5
996 537 -5 5
961 603 -4 6
887 599 -2 6
816 597 0 6
741 596 2 6
664 594 4 6
589 591 6 6
510 588 8 6
431 589 10 6
355 586 12 6
279 582 14 6
315 651 13 7
390 654 11 7
469 655 9 7
546 660 7 7
624 660 5 7
701 663 3 7
775 663 1 7
847 665 -1 7
921 664 -3 7
992 665 -5 7
954 732 -4 8
878 731 -2 8
809 729 0 8
734 728 2 8
658 727 4 8
581 725 6 8
505 723 8 8
430 718 10 8
351 717 12 8
389 781 11 9
463 784 9 9
541 787 7 9
617 789 5 9
695 791 3 9
768 793 1 9
840 793 -1 9
910 795 -3 9
983 791 -5 9
1014 857 -6 10
943 856 -4 10
871 856 -2 10
797 856 0 10
725 855 2 10
649 854 4 10
575 852 6 10
501 847 8 10
424 844 10 10

