31 239 6 10
99 237 4 10
167 234 2 10
239 231 0 10
312 229 -2 10
386 225 -4 10
463 224 -6 10
539 223 -8 10
616 223 -10 10
656 291 -11 9
578 290 -9 9
499 289 -7 9
423 290 -5 9
347 291 -3 9
274 295 -1 9
201 299 1 9
132 298 3 9
63 302 5 9
29 363 6 8
96 362 4 8
164 363 2 8
235 358 0 8
308 359 -2 8
383 357 -4 8
460 354 -6 8
538 354 -8 8
616 356 -10 8
692 356 -12 8
731 422 -13 7
654 421 -11 7
577 423 -9 7
499 420 -7 7
420 420 -5 7
344 422 -3 7
271 423 -1 7
198 424 1 7
128 424 3 7
62 424 5 7
26 489 6 6
95 487 4 6
161 489 2 6
232 490 0 6
306 489 -2 6
383 490 -4 6
459 488 -6 6
538 488 -8 6
616 490 -10 6
691 487 -12 6
767 488 -14 6
806 556 -15 5
731 557 -13 5
654 557 -11 5
577 556 -9 5
499 556 -7 5
421 556 -5 5
344 556 -3 5
270 553 -1 5
198 553 1 5
127 553 3 5
61 554 5 5
30 615 6 4
96 615 4 4
163 617 2 4
234 620 0 4
308 621 -2 4
382 622 -4 4
458 623 -6 4
538 623 -8 4
615 623 -10 4
691 623 -12 4
766 622 -14 4
840 622 -16 4
873 684 -17 3
801 689 -15 3
727 690 -13 3
651 691 -11 3
574 689 -9 3
498 691 -7 3
419 689 -5 3
345 686 -3 3
271 684 -1 3
199 684 1 3
131 681 3 3
63 678 5 3
31 739 6 2
99 741 4 2
167 743 2 2
236 747 0 2
309 749 -2 2
384 754 -4 2
462 754 -6 2
537 756 -8 2
613 752 -10 2
687 753 -12 2
763 751 -14 2
834 750 -16 2
905 749 -18 2
937 809 -19 1
867 812 -17 1
794 811 -15 1
722 813 -13 1
647 814 -11 1
573 815 -9 1
498 816 -7 1
422 817 -5 1
346 814 -3 1
277 811 -1 1
204 808 1 1
134 804 3 1
66 802 5 1
34 863 6 0
103 863 4 0
170 865 2 0
242 869 0 0
313 874 -2 0
384 875 -4 0
457 876 -6 0
534 880 -8 0
608 880 -10 0
680 879 -12 0
755 877 -14 0
827 874 -16 0
898 871 -18 0
969 869 -20 0
929 933 -19 -1
860 934 -17 -1
789 934 -15 -1
714 933 -13 -1
644 936 -11 -1
570 936 -9 -1
497 936 -7 -1
424 938 -5 -1
350 936 -3 -1
280 932 -1 -1
209 927 1 -1
141 925 3 -1
72 923 5 -1
4 922 7 -1
40 980 8 -2
107 980 6 -2
177 983 4 -2
246 986 2 -2
317 991 0 -2
389 994 -2 -2
462 994 -4 -2
534 997 -6 -2
607 998 -8 -2
679 997 -10 -2
751 996 -12 -2
819 995 -14 -2
892 994 -16 -2
