38 38 0 -2
114 41 2 -2
190 42 0 -2
265 43 -2 -2
344 44 -4 -2
420 46 -6 -2
498 49 -8 -2
576 54 -10 -2
654 59 -12 -2
726 65 -14 -2
801 70 -16 -2
875 76 -18 -2
910 139 -19 -1
835 134 -17 -1
763 128 -15 -1
691 122 -13 -1
612 118 -11 -1
534 113 -9 -1
456 112 -7 -1
379 110 -5 -1
301 108 -3 -1
225 108 -1 -1
153 108 1 -1
75 108 3 -1
34 174 4 0
110 176 2 0
184 174 0 0
260 173 -2 0
338 172 -4 0
416 176 -6 0
494 179 -8 0
572 184 -10 0
652 188 -12 0
726 192 -14 0
801 196 -16 0
874 203 -18 0
943 210 -20 0 
911 270 -19 1
836 266 -17 1
764 261 -15 1
687 254 -13 1
610 248 -11 1
531 246 -9 1
453 243 -7 1
372 240 -5 1
291 239 -3 1
215 239 -1 1
141 239 1 1
65 238 3 1
26 304 4 2
99 305 2 2
176 305 0 2
251 306 -2 2
328 309 -4 2
410 309 -6 2
489 312 -8 2
567 315 -10 2
647 320 -12 2
726 323 -14 2
800 328 -16  2
873 334 -18 2
834 398 -17 3
758 394 -15 3
684 388 -13 3
607 386 -11 3
528 383 -9 3
444 378 -7 3
365 377 -5 3
286 375 -3 3
207 375 -1 3
132 372 1 3
58 372 3 3
18 439 4 4
93 441 2 4
170 441 0 4
244 444 -2 4
323 445 -4 4
404 445 -6 4
484 451 -8 4
563 452 -10 4
642 457 -12 4
722 461 -14 4
796 463 -16 4
757 531 -15 5
680 528 -13 5
600 525 -11 5
522 524 -9 5
441 518 -7 5
360 516 -5 5
281 514 -3 5
203 509 -1 5
127 508 1 5
52 508 3 5
15 571 4 6
90 573 2 6
166 578 0 6
240 581 -2 6
318 582 -4 6
397 588 -6 6
477 591 -8 6
560 592 -10 6
637 595 -12 6
716 597 -14 6
675 663 -13 7
592 662 -11 7
515 659 -9 7
435 658 -7 7
358 654 -5 7
278 651 -3 7
201 649 -1 7
126 645 1 7
53 641 3 7
18 704 4 8
91 707 2 8
163 709 0 8
240 715 -2 8
315 719 -4 8
396 722 -6 8
475 725 -8 8
554 726 -10 8
631 729 -12 8
587 793 -11 9
510 793 -9 9
430 790 -7 9
352 787 -5 9
275 784 -3 9
201 780 -1 9
129 777 1 9
55 770 3 9
20 831 4 10
94 835 2 10
164 841 0 10
240 846 -2 10
317 848 -4 10
394 852 -6 10
472 854 -8 10
550 855 -10 10
